max_change:34898
86170
85915
85569
81158
79239
77787
76892
76160
74889
74745
74443
74222
74064
73617
73613
71722
71304
71258
70941
70923
70917
70841
70067
70003
69231
69056
69003
68918
68389
67853
67736
67670
66027
65693
64658
63866
63625
62609
62130
62075
61225
60010
58910
58853
58748
57599
57299
57224
57222
56708
56463
56399
55420
55228
55110
54204
54143
54112
54014
54009
53668
53465
53346
53051
53045
52626
51822
51507
50821
50182
49902
48815
48211
48125
48105
48097
48038
47348
47336
47141
45768
45248
45115
45098
44776
44323
44304
44272
44244
44194
44106
43765
43717
43428
43408
43161
42747
42665
42502
42275
41642
41636
41475
40727
40687
40408
40365
40354
40236
40229
38427
38271
38244
38203
38112
37981
37875
37857
37827
37810
37490
37417
37337
36912
36085
35741
35724
35480
35292
35271
35270
35186
35031
34898
34848
34816
34692
34383
34175
33983
33654
33309
33004
32816
32739
32681
32506
32459
31878
31849
31380
31055
30437
30378
30055
29944
29861
29812
29720
29703
29397
28821
26743
26184
26073
25937
25175
24434
24120
24052
24033
23977
23976
23975
23797
22355
22059
21795
21439
21246
21189
21144
19876
19783
19748
18807
18790
18676
18675
18615
18231
17014
15785
15640
15613
15581
15534
15530
14885
13314
13297
13197
12829
12564
11918
11618
11344
10268
9502
8911
8655
8590
7998
7963
7830
7829
7717
7428
6614
6127
6026
5065
4821
4690
3663
3563
2899
2248
1972
1940
1904
1797
178
